0 1 40.88
0 2 94.34
0 3 71.54
0 4 40.63
0 5 34.41
1 6 93.53
1 7 63.49
1 8 24.76
1 9 72.58
2 106 1
2 107 79.09
2 108 64.99
2 109 77.08
3 629 79.65
5 49 87.97
5 50 59.02
5 51 87.75
5 52 38.45
6 491 31.59
6 510 15.03
6 511 78.55
6 512 7.76
7 623 48.15
7 624 80.05
7 625 39.7
7 626 13.44
8 626 79.94
8 206 45.38
9 529 55.28
9 955 65.73
10 11 41.35
10 9 95.78
10 12 39.03
10 13 11.52
10 14 0.74
11 15 77.16
11 16 5.15
11 17 67.66
11 18 47.96
12 891 17.85
13 996 44.64
14 283 91.71
14 291 77.23
14 292 19.31
14 293 48.2
15 571 7.12
15 164 98.17
16 263 94.69
16 865 16.17
17 444 26.51
18 84 77.6
19 20 55.08
19 21 52.48
19 22 53.19
19 23 74.49
19 24 3.78
20 25 71.92
20 26 6.79
20 27 66.92
20 28 82.47
22 615 16.57
22 108 49.37
22 322 5.54
23 275 66.52
23 42 17.59
24 921 12.74
24 456 90.74
25 854 93.62
25 625 87.21
25 454 47.13
27 569 99.73
27 514 93.89
28 524 77.6
28 461 30.17
28 147 72.05
29 30 69.25
29 31 67.39
29 32 3.18
29 33 13.24
29 34 87.32
30 35 0.73
30 36 93.41
30 37 2.14
30 38 96.39
31 380 20.44
31 381 54.13
31 162 93.31
32 137 14.83
32 884 75.68
32 269 57.39
32 417 45.79
36 518 88.98
38 459 73.42
38 460 87.02
38 461 36.04
38 462 66.22
39 40 38.58
39 41 16.09
39 42 6.32
39 43 63.26
39 44 68.62
40 45 71.84
40 46 36.49
40 47 7.86
40 48 4.94
41 580 40.89
41 773 51.78
41 768 62.53
42 698 51.57
43 24 90.47
43 35 59.6
43 979 12.09
44 604 50.89
44 443 8.4
44 3 29.59
45 157 80.21
45 910 24.14
46 400 61.66
46 262 10.53
46 322 79.26
48 658 2.05
48 659 22.94
49 53 38.45
49 54 59.78
49 55 23.49
49 56 50.67
50 82 21.09
50 163 10.71
50 164 96.7
50 165 38.28
51 714 57.91
51 997 24.91
51 994 62.26
52 533 92.36
52 534 2.9
52 95 67.34
53 131 20.5
53 268 55.99
53 336 19.14
54 397 91.72
54 398 24.18
54 399 28.55
54 118 52.61
55 622 72.74
55 454 72.86
56 553 63.18
57 58 98.72
57 59 63.04
57 60 77.98
57 61 11.2
57 62 35.14
58 63 4.15
58 64 15.3
58 65 39.03
58 66 42.21
59 178 9.9
59 179 71.68
59 120 39.52
59 180 12.21
61 379 8.24
61 735 50.11
63 662 12.44
64 838 30.49
66 600 87.82
67 68 28.24
67 69 60.68
67 70 52.72
67 71 41.15
67 72 21.26
68 73 90.67
68 74 9.42
68 75 45.22
68 76 55.5
69 692 99.18
69 47 63.35
70 577 53.56
70 578 52.91
70 579 28.48
71 769 24.95
71 637 77.21
72 887 32.48
72 705 86.78
73 605 66.16
73 266 77.15
74 660 72.68
74 582 36.75
77 78 26.1
77 79 55.71
77 80 30.77
77 81 84.85
77 82 33.5
78 83 89.52
78 84 20.87
78 85 29.6
78 86 1.04
79 31 7.44
79 377 27.43
79 378 51.65
79 379 94.19
80 36 14.55
81 204 55.09
81 289 50.02
81 763 51.54
82 53 78.09
82 166 67.11
82 167 94.11
83 129 10.06
84 244 31.25
85 402 35.74
85 403 36.53
85 404 37.3
85 405 26.66
86 149 77.22
87 88 5.21
87 89 68.48
87 90 58.64
87 91 17.21
87 92 69.75
88 93 32.58
88 94 78.45
88 27 52.65
88 95 72.26
89 639 36.02
89 258 0.2
90 797 16.02
90 89 44.47
91 717 67.76
91 475 40.39
91 344 51.46
92 793 99.54
92 119 39.04
92 496 16.16
93 368 48.71
93 664 82.17
93 665 40.11
93 622 91.39
94 829 26.21
95 504 11.59
96 97 35.3
96 98 44.78
96 99 83.5
96 100 31.07
96 101 41.85
97 102 36.36
97 103 36.01
97 104 61.76
97 105 21.68
98 918 52.92
98 346 43.05
98 983 77.2
99 514 93.28
99 928 35.31
100 286 97.22
101 820 97.56
101 288 78.41
101 816 97.42
102 398 92.01
102 349 53.7
102 796 42.46
103 734 61.63
103 735 72.64
104 481 58.25
104 316 18.55
104 243 58.94
105 702 50.24
105 703 58.97
105 704 14.4
106 110 19.15
106 111 51.03
106 112 84.78
106 113 56.61
107 921 22.61
109 160 20.51
110 864 95.66
110 670 77.55
111 470 79.03
111 893 95.22
111 657 78.98
111 4 17.04
113 738 18.47
113 441 27.39
113 306 85.19
113 830 59.8
114 115 41.92
114 116 94.03
114 117 11.72
114 118 76.88
114 119 42.98
115 120 39.13
115 121 12.26
115 122 43.76
115 123 97.31
116 222 8.05
116 944 0.84
116 305 44.24
116 874 18.39
117 200 59.07
117 201 94.31
117 202 54.16
117 203 36.23
118 403 49.32
119 476 97.83
119 509 29.85
120 428 98.54
121 985 8.16
121 974 52.37
122 582 53.4
123 513 62.87
123 514 41.47
123 515 40.45
123 516 93.85
124 125 25.64
124 126 31.05
124 127 3.68
124 128 74.25
124 129 9.8
125 130 12.83
125 131 92.68
125 132 43.42
125 133 20.88
126 400 18.81
126 888 97.17
127 754 90.82
127 8 46.84
127 755 17.18
128 938 60.16
128 987 85.55
128 900 37.66
130 939 92.21
131 609 28.89
131 359 18.96
131 602 25.16
132 696 58.85
132 697 26.02
132 698 79.94
133 952 2.38
133 728 79.51
133 971 52.81
134 135 26.14
134 136 18.48
134 137 51.44
134 69 89.6
134 138 96.58
135 139 73.95
135 140 46.8
135 141 60.29
135 142 76.96
136 389 26.6
136 390 64.71
136 391 25.47
136 392 18.24
138 270 10.23
138 322 9.67
138 522 29.82
138 874 9.37
139 707 11.93
139 509 33.91
139 478 69.35
140 875 69.53
140 686 5.94
141 949 52.65
141 432 40.24
142 403 87
143 144 83.78
143 145 99.27
143 146 40.14
143 147 30.83
143 148 97.13
144 149 7.24
144 150 13.37
144 151 20.33
144 152 48.02
145 566 60.27
145 567 92.08
145 568 86.29
145 300 43.51
146 142 97.92
147 173 75.67
147 834 62.37
147 652 51.51
148 89 92.41
148 686 67.82
148 853 81.43
148 558 5.01
150 823 59.83
150 484 63.44
150 944 26.26
151 750 32.03
151 751 52.25
151 752 31.79
152 761 4.83
152 762 82.37
152 763 67.18
153 154 10.36
153 155 46.72
153 156 89.52
153 157 55.17
153 158 56.02
154 159 2.31
154 160 98.58
154 161 24.01
154 162 1.72
155 337 47.04
155 338 14.14
155 339 76.11
155 340 40.75
156 812 57.69
156 813 78.29
156 710 73.22
156 663 75.31
157 784 19.19
158 621 42.98
158 565 96.6
159 12 21.22
159 833 84.72
159 947 81.63
160 691 92.85
161 471 54.81
161 481 5.95
161 170 42.06
161 553 63.24
163 600 81.61
163 727 15.06
163 559 84.51
163 215 75.57
165 934 50.26
165 443 20.99
166 424 94.58
166 468 2.28
167 28 0.96
167 219 70.39
167 523 3.33
167 434 39.86
168 169 70.38
168 170 49.67
168 171 79.92
168 172 57.48
168 173 46.52
169 174 31.87
169 175 12.26
169 176 62.84
169 177 22.28
170 834 7.01
170 301 80.59
170 805 19.8
171 817 10.66
171 818 90.36
171 819 79.8
172 23 58.69
172 718 57.53
173 639 16.19
173 954 86.27
173 652 27.55
174 662 0.63
174 307 48.23
174 889 73.21
175 818 96.15
175 964 59.99
175 451 74.69
177 824 13.52
177 799 97.42
179 308 0.85
179 952 18.4
181 182 19.01
181 183 90.18
181 164 12.12
181 184 17.03
181 185 96.25
182 186 82.02
182 187 27.87
182 188 97.52
182 189 16.66
183 976 47.24
184 944 35.2
185 483 15.37
185 630 65.62
185 631 80.59
185 632 11.81
186 995 8.43
186 276 53.15
187 852 82.61
188 813 31.08
188 549 70.85
188 324 74.32
189 368 90.92
189 369 41.13
189 370 22.12
190 191 25.84
190 192 77.6
190 193 70.07
190 194 7.47
190 195 92.39
191 196 67.68
191 197 16.3
191 198 77.11
191 199 86.77
192 604 78.95
192 405 65.89
192 66 37.39
193 728 6.57
193 204 40.27
193 657 67.3
194 965 93.46
195 726 78.37
195 779 75.78
195 780 99.21
196 535 20.48
196 536 37.05
196 537 6.62
196 538 68.52
197 216 32.46
197 774 4.07
197 775 16.36
197 776 32.37
198 684 13.32
198 685 54.83
198 386 53.98
198 146 6.39
199 610 21.63
199 205 98.25
199 550 39.33
200 204 61.59
200 205 98.96
200 206 50.75
200 207 97.46
201 796 29.88
201 241 19.7
201 779 34.89
202 570 89.55
202 403 36.08
202 633 16.31
203 202 15.8
203 251 15.64
203 252 12.16
204 990 17.89
208 209 12.65
208 210 5.41
208 211 55.31
208 179 30.64
208 212 7.76
209 213 67.19
209 214 12.39
209 215 53.04
209 216 23.79
210 722 96.3
210 723 19.47
210 724 20.78
211 252 85.9
211 787 73.95
211 564 6.85
212 507 40.34
212 755 81.78
213 575 23.85
213 962 98.59
213 862 80.02
213 850 6.08
214 599 98.13
214 205 90.62
214 436 20.72
215 260 76.33
215 343 15.5
216 251 65.49
216 47 25.37
217 218 67.95
217 219 35.39
217 220 98.03
217 221 72.79
217 222 75.46
218 223 50.01
218 224 56.6
218 225 59.47
218 103 37.79
219 881 37.9
219 612 72.48
220 778 68.41
221 65 84.64
222 889 46.3
223 658 88.46
223 671 90.19
223 672 63.08
224 482 31.77
224 632 58.33
224 588 51.39
225 522 41
225 934 52
225 918 9.33
225 263 42.62
226 227 32.15
226 228 70.77
226 229 69.32
226 230 26.26
226 231 76.21
227 232 23.37
227 233 24.52
227 234 85.89
227 235 25.43
229 18 4.77
229 892 82.14
232 564 63.41
233 582 26.33
233 965 56.16
233 520 6.9
234 879 30.42
234 239 32.23
234 130 74.99
235 598 59.46
235 845 78.86
235 611 87.33
236 237 2.47
236 238 84.74
236 239 90.86
236 240 89.83
236 241 95.55
237 242 29.73
237 243 56.9
237 244 76.47
237 245 96.96
238 827 28.45
239 704 47.32
241 819 70.67
241 817 89.55
242 478 80.29
242 717 63.93
246 203 4.6
246 247 68.59
246 248 2.92
246 249 92.61
246 250 43
247 261 77.45
247 262 3.48
247 199 1.52
247 263 91.12
248 507 59.57
248 60 56.29
248 508 68.38
248 509 94.77
250 945 20.28
252 967 5.77
253 254 58.13
253 255 59.04
253 256 13.61
253 257 91.7
253 258 53.59
254 259 32.39
254 260 89.62
254 249 55.9
254 216 70.79
255 675 94.15
256 872 10.39
257 420 8.2
257 533 52.79
257 970 23.88
258 76 23.92
260 83 63.63
260 808 64.05
260 270 72.23
261 424 20.04
261 648 64.94
261 129 50.46
261 798 76.59
262 695 40.16
262 550 67.46
264 265 54.11
264 177 30.48
264 266 26.7
264 232 59.06
264 267 78.13
265 268 23.56
265 269 23.62
265 137 23.28
265 270 27.37
267 484 7.35
267 485 10.69
267 215 94.37
268 976 60.9
268 612 30.78
270 892 72.3
271 272 94.79
271 273 63.74
271 274 41.78
271 275 74.24
271 276 62.17
272 277 52.24
272 278 15.77
272 279 53.35
272 280 29.91
273 245 97.74
273 953 11.25
274 874 72.78
274 449 88.34
274 616 7.02
274 580 97.46
275 469 45.88
275 207 24.1
275 251 89.88
276 520 24.68
277 700 21.64
277 811 82.8
277 56 39.23
278 380 1.46
278 722 72.3
279 548 64.21
279 989 41.76
279 871 78.11
279 324 54.38
280 328 36.23
280 515 99.77
281 282 55.27
281 283 58.6
281 284 81.46
281 285 16.87
281 286 23.68
282 287 99.05
282 288 61.09
282 289 43.17
282 290 38.26
283 294 55.7
283 295 99.48
283 296 47.28
285 328 84.49
285 51 88.6
285 636 34.09
287 250 92.35
287 489 94.95
289 853 58.86
289 822 70.89
290 583 2.1
290 48 61.14
290 584 51.22
292 569 84.12
292 220 57.61
292 570 61.98
293 26 62.88
293 993 53.19
294 860 81.38
294 47 94.41
294 976 24.99
295 986 52.29
295 504 41.02
295 575 95.01
296 451 53.95
297 298 5.33
297 120 27.63
297 299 85.5
297 194 34.98
297 259 29.83
298 300 55.25
298 301 89.77
298 302 83.01
298 74 7.77
300 431 43.01
300 608 18.55
301 494 90.59
301 444 22.28
301 745 50.15
303 304 51.17
303 305 47.69
303 259 76.97
303 306 66.59
303 307 89.48
304 308 20.1
304 309 88.57
304 183 22.02
304 310 75.22
305 547 4.31
306 865 68.05
307 433 91.38
308 953 72.95
308 345 95.69
309 187 45.4
309 355 57.7
309 418 86.7
311 312 60.81
311 90 1.52
311 269 40.93
311 313 30.23
311 314 74.74
312 315 38.53
312 316 30.88
312 317 95.2
312 318 56.68
314 690 98.62
314 524 92.54
314 601 3.01
314 262 57.67
315 790 78.79
315 110 60.92
316 637 33.06
318 44 4.08
318 829 31.38
318 830 75.32
318 831 25.3
319 320 89.24
319 321 24.74
319 322 78.39
319 323 53.53
319 324 7.19
320 325 67.23
320 326 46.43
320 327 42.57
320 328 40.13
321 358 37.83
321 359 67.56
321 360 23.88
321 361 16.6
325 829 18.15
325 579 52.75
325 258 25.01
325 628 3.12
326 62 98.98
328 475 3.17
328 392 47.89
329 330 7.06
329 331 33.81
329 332 97.16
329 178 36.73
329 229 27.08
330 333 15.01
330 334 67.83
330 335 95.47
330 120 63.73
331 344 78.91
332 16 69.21
332 270 34.54
332 891 68.92
333 903 63.78
334 426 95.56
334 377 65.04
334 427 44.74
335 809 51.86
336 993 93.35
337 753 10.97
337 15 60.31
337 547 24.65
338 899 34.6
338 454 86.94
338 872 35.22
338 942 49.21
339 626 29.67
339 149 41.7
339 529 78.3
340 379 76.7
341 342 85.03
341 343 50.22
341 344 74.97
341 345 29.43
341 346 98.27
342 347 59.12
342 33 97.87
342 348 75.77
342 349 85.8
345 773 57.41
345 565 42.02
345 964 34.16
346 798 78.14
347 571 26.79
347 206 23.84
347 572 16.87
347 573 49.43
348 696 67.06
348 720 59.43
348 827 20.45
348 488 59.1
349 663 74.43
349 942 88.69
349 629 52.29
350 351 43.36
350 352 34.65
350 353 5.26
350 259 50.43
350 354 90.87
351 355 4.09
351 140 28.74
351 356 63.59
351 357 43.03
352 668 87.81
352 98 33.65
352 760 70.55
353 331 23.49
353 45 73.99
354 278 28.25
354 989 17.99
354 178 82.18
355 359 33.2
355 537 10.11
356 76 59.22
356 327 97
357 745 46.05
357 94 28.58
358 362 28.9
358 363 33.93
358 13 19.48
358 364 73.31
360 876 25.33
360 231 68.63
362 594 43.15
362 916 63.75
362 489 67.8
363 555 67.3
363 703 11.97
363 877 17.87
364 931 34.91
364 892 24.71
365 189 7.92
365 139 74.79
365 366 12.6
365 306 57.71
365 367 33.42
366 193 50.95
366 673 16
366 727 11.82
366 302 82.6
367 919 51.42
368 666 83.73
368 524 13.86
368 457 33.82
369 966 49.21
369 975 62.58
369 407 90.53
370 935 41.33
370 936 47.49
370 567 10.22
370 825 82.59
371 372 40.89
371 137 53.46
371 369 29.32
371 22 10.05
371 373 19.2
372 374 4
372 230 65.77
372 375 38.83
372 376 8.52
373 299 14.05
373 883 50.55
373 884 26.93
374 418 60.43
375 659 54.11
375 742 44.72
376 207 38.48
378 455 9.66
378 292 0.73
378 456 60.88
378 457 87.82
381 290 19.42
381 580 98.47
381 581 94.46
381 582 43.38
382 383 31.47
382 384 48.89
382 385 91.21
382 121 30.9
382 386 18.82
383 387 4.81
383 388 81.78
383 360 34.83
383 21 95.56
384 861 22.46
384 862 25.73
384 577 82.16
384 863 48.31
386 177 15.3
386 880 16.95
387 410 78.83
387 411 74.92
387 12 40.77
387 412 9.94
388 653 62.43
388 501 7.32
388 864 41.28
388 867 5.79
389 393 23.7
389 394 10.05
389 395 79.4
389 396 65.53
390 99 17.13
390 543 99.71
390 406 45.66
391 559 41.35
391 942 89.06
392 921 49.47
393 423 94.12
393 600 28.98
393 601 76.91
393 602 90.6
394 647 18.52
394 490 59.02
396 18 60.45
396 895 38.09
396 232 5.39
397 101 29.1
397 400 67.47
397 73 36.54
397 401 82.78
398 957 77.41
399 988 42.2
399 288 31.42
400 682 58.09
400 760 43.83
401 502 78.1
401 503 43.05
401 504 89.81
401 228 73.85
402 406 14.91
402 407 35.27
402 408 62.18
402 409 70.55
403 558 38.6
404 972 9.67
404 323 97.49
404 804 92.63
405 233 78.72
405 361 72.24
405 255 15.06
406 793 56.78
406 944 9.08
407 903 75.78
408 918 48.07
408 160 93.37
409 955 31.95
409 909 69.08
410 552 79.73
410 772 67.07
410 773 10.99
411 259 87.99
411 333 63.58
411 515 46.12
411 990 54.62
412 512 74
412 814 28.3
413 414 55.15
413 415 44.18
413 416 64.52
413 417 23.98
413 418 6.26
414 249 29.1
414 419 68.55
414 420 75.06
414 133 17.34
415 941 89.12
415 37 16.58
415 745 21.07
415 555 86.42
416 883 10.21
416 956 36.97
417 826 72
417 922 64.87
417 917 80.55
419 519 89.38
419 110 27.67
419 394 81.05
419 520 52.09
420 902 31.28
420 64 91.18
421 334 67.1
421 422 10.39
421 423 28.4
421 424 79.24
421 425 17.23
422 992 83.69
422 230 17.78
422 632 59.93
424 412 59.19
424 380 65.8
425 449 52.82
426 664 72.18
426 779 11.89
426 108 91.71
427 475 48.58
429 430 44.74
429 431 3.68
429 432 25.51
429 187 28.86
429 433 72.8
430 434 24.95
430 435 72.05
430 436 23.67
430 80 28.78
432 705 68.92
433 947 54.69
434 943 82.59
435 323 4.15
435 37 13.6
435 933 72.26
436 395 84.34
437 438 83.92
437 439 17.76
437 440 72.95
437 71 29.02
437 441 67.15
438 442 22.9
438 443 79.82
438 65 44.81
438 444 31.96
439 129 81.04
440 912 36.15
440 179 23.74
440 333 59.49
441 92 77.14
441 951 26.23
442 673 70.5
442 674 27.63
442 620 15.32
442 675 74.82
444 960 83.8
445 446 2.25
445 447 24.2
445 448 98.14
445 449 80.64
445 450 84.38
446 451 53.42
446 452 49.2
446 453 24.25
446 454 56.8
447 880 93.32
447 887 22.43
447 56 78.98
448 240 60.65
448 558 50.7
448 983 45.3
449 331 56.45
450 697 3.04
450 164 34.1
450 804 90.07
452 464 69.45
452 986 60.77
453 557 26.16
453 663 57.46
454 194 8.84
455 360 79.15
455 458 42.27
455 431 6.41
455 174 32.39
456 313 28.18
456 503 46.44
456 542 84.54
457 335 73.13
458 386 56.38
458 878 26.36
458 879 12.42
458 659 73.71
459 127 10.93
459 463 39.38
459 464 74.95
459 465 63.49
460 505 27.36
460 180 49.11
460 343 34.11
460 243 52.69
461 981 95.57
462 289 53.93
462 500 20.16
462 501 44.37
463 585 47.07
463 586 8.09
463 587 57.81
463 588 95.56
464 436 4.72
464 892 65.3
465 828 85.35
465 176 20.31
465 718 28.52
465 799 89.51
466 467 62.17
466 468 21.48
466 469 53.93
466 152 9.93
466 470 84.22
467 471 28.12
467 472 15.29
467 65 58.07
467 150 71.99
468 777 61.07
468 184 70.16
470 286 3.04
470 700 31.78
470 572 11.03
471 554 23.63
471 555 43.99
473 474 77.44
473 475 35.33
473 352 97.82
473 394 10.55
473 476 62.56
474 477 16.27
474 478 79.39
474 479 26.32
474 420 15.12
475 284 3.64
476 795 31.4
476 472 17.15
476 982 66.93
477 983 27.47
477 391 44.8
477 582 77.33
478 944 40.69
479 408 8.51
479 917 31.01
479 704 8.19
479 810 21.78
480 267 97.36
480 140 94.94
480 481 88.3
480 482 6.9
480 483 19.28
481 536 82.47
481 851 4.92
482 922 37.33
482 759 48.77
483 316 44.16
483 552 69.34
483 633 86.13
484 947 56.01
484 982 51.96
485 630 13.22
485 554 97.96
485 392 96.16
485 892 26.14
486 487 14.91
486 488 36.45
486 489 46.22
486 490 85.26
486 491 21.88
487 492 91.22
487 493 39.13
487 395 17.94
487 494 47.99
488 494 94.19
488 950 14.4
489 675 12.77
490 108 1.29
490 566 63.67
490 119 59.28
491 851 58.15
491 622 83.02
492 25 21.02
492 122 49.97
492 244 19.85
492 436 62.59
493 925 21.77
493 158 22.78
493 895 28.12
493 784 63.81
494 244 40.51
494 273 8.21
495 462 96.08
495 496 0.11
495 497 0.83
495 498 24.63
495 499 92.21
496 62 59.29
496 862 88.02
496 821 52.53
498 570 97.76
498 512 18.96
498 109 62.92
499 399 5.37
499 427 31.94
499 900 27.18
499 932 29.81
500 547 39.17
500 829 96.96
501 242 96.19
502 343 37.57
502 172 93.62
502 505 30.25
502 506 59.56
503 547 32.73
504 564 79.65
505 939 97.07
506 919 64.19
507 694 73.04
507 451 38.01
507 691 94.28
508 250 94.56
508 625 84.66
508 895 26.72
509 855 71.3
510 980 75.97
510 814 0.8
511 453 64.41
511 770 83.68
511 771 80.01
512 811 53.65
512 112 42.87
513 517 97.4
513 385 2.93
513 518 25.14
513 146 3.9
514 484 35.23
514 794 99.78
515 811 19.12
516 556 23.03
516 305 93.97
516 557 18.21
516 126 59.4
517 932 76.19
517 759 30.77
518 392 63.12
519 399 96.79
519 521 19.65
519 194 92.4
519 522 93.44
521 780 64.53
521 817 22.77
521 757 44.74
521 565 87.8
522 15 54.35
523 327 37.46
524 889 4.87
524 162 38.39
525 526 42.69
525 527 26.45
525 108 79.05
525 528 49.62
525 36 91.37
526 408 68.05
526 471 20.83
526 327 11.9
526 529 94.96
527 682 40.8
527 284 87.18
527 600 91.54
527 683 2.56
528 878 39.47
528 416 27.8
528 952 53.15
528 204 67.63
529 968 68.11
529 72 92.43
530 52 5.49
530 195 43.21
530 531 66.82
530 532 57.06
530 183 58.75
531 927 2.65
531 686 31.28
531 928 4.41
532 426 65.35
532 780 84.38
532 658 37.91
532 164 48.16
533 412 42.79
533 928 4.51
533 934 10.71
534 531 67.04
534 488 13.6
534 310 53.84
534 755 3.25
535 716 56.35
535 865 1.96
535 866 0.02
536 228 16.66
536 873 68.08
537 795 81.12
538 377 84.23
538 816 31.8
538 773 13.62
539 390 4.93
539 540 97.97
539 541 76.85
539 100 95.98
539 542 57.08
540 263 5.68
540 902 44.89
540 737 90.86
540 903 69.68
541 3 80.57
541 972 4.83
541 439 15.98
541 546 0.31
543 73 42.92
543 603 71.29
543 141 96.91
543 604 92.04
544 545 57.11
544 546 45
544 547 42.5
544 548 54.73
544 549 55.48
545 550 67.64
545 315 24.84
545 551 6.14
545 552 83.67
546 701 29.65
548 21 33.34
548 523 82.47
549 794 3.53
549 305 64.18
549 669 99.82
550 243 47.63
550 798 43.53
551 336 59.24
552 364 63.69
552 628 55.04
556 187 11.41
556 109 48.85
556 558 45.82
556 559 76.73
557 661 65.53
557 21 51.89
560 561 36.05
560 562 50.53
560 17 17.94
560 563 6.97
560 564 99.45
561 498 27.99
561 62 4.68
561 75 67.34
561 565 25.61
562 716 72.91
562 510 86.2
562 717 85.19
563 997 15.65
563 706 29.2
565 577 69.49
566 607 65.97
566 546 23.34
566 324 93.01
567 435 2.89
567 994 93.73
568 990 99.84
569 322 79.05
569 280 35.59
571 986 8.57
571 669 99.95
572 937 37.39
572 938 90.3
573 41 37.56
573 792 80.5
573 863 30.33
574 70 67.7
574 569 24.17
574 575 59.58
574 337 45.61
574 576 29.78
576 171 63.04
576 815 88.49
576 816 79.36
576 795 33.61
578 721 66.37
578 326 40.2
579 630 65.26
580 231 92.86
581 980 16.84
581 949 32.79
581 398 18.17
583 772 20.25
583 915 41.62
583 917 19.55
583 449 95.54
584 923 62.97
584 296 17.85
584 608 86.92
584 554 57.63
585 589 0.63
585 506 51.95
585 84 75.3
585 590 78.11
586 660 12.49
587 293 95.8
587 905 30.79
587 130 80.56
588 617 4.45
588 316 7.7
588 816 41.9
589 758 2.72
589 727 81.02
589 759 76.93
589 409 22.76
590 648 44.96
590 929 6.67
591 592 45.86
591 593 81.42
591 594 97.33
591 107 94.76
591 221 85.63
592 595 37.87
592 379 67.42
592 497 43.65
592 596 5.8
593 646 62.32
593 705 80.69
593 706 88.16
593 579 94.66
594 933 61.64
595 873 19.34
595 874 53.9
595 500 86.08
595 457 72.33
596 827 71.15
596 126 86.21
596 828 8.06
597 214 31.24
597 504 34.22
597 598 55.01
597 23 51
597 562 37.24
598 692 53.2
598 853 46.05
599 725 56.27
599 655 87.03
599 63 67.19
599 13 21.45
601 149 52.49
602 346 80.91
602 974 69.11
603 926 55.99
603 307 95.31
603 910 76.38
604 142 92.45
605 660 77.2
605 661 35.91
605 662 49.1
605 663 88.48
606 300 51.67
606 353 79.47
606 607 36.34
606 590 58.52
606 517 33.69
607 276 2.54
607 997 10.44
607 752 84.27
608 692 92.06
608 849 15.76
609 385 29.36
609 948 63.15
609 844 7.62
610 611 21.09
610 551 61.08
610 36 16.61
610 612 5.29
611 302 67.72
611 112 29.83
611 855 0.02
612 961 96.72
613 614 77.92
613 615 98
613 616 23.11
613 617 30.37
613 618 17.75
614 619 91.97
614 620 40.45
614 621 57.12
614 622 24.53
615 769 5.55
615 885 71.07
616 804 99.04
617 908 50.44
617 872 95.64
617 444 7.85
618 16 3.09
618 754 92.43
618 146 99.59
619 958 78.12
619 222 8.91
621 862 8.78
621 825 86.65
623 627 27.06
623 628 87
623 299 69.78
623 629 62.37
624 186 91.44
624 575 32.1
624 75 42.25
626 489 76.18
626 855 10.44
627 46 35.85
627 800 57.61
627 648 33.14
627 809 93.84
628 178 45.52
629 939 75.77
631 440 36.4
631 65 80.71
631 849 83.3
632 809 29.55
632 776 89.38
633 212 30.2
633 536 29.05
634 635 15.45
634 636 76.61
634 637 95.61
634 638 61.42
634 359 13.96
635 83 59.31
635 639 2.17
635 230 84.05
635 497 8.72
636 497 57.62
637 865 6.93
638 285 43.48
638 821 26.59
638 42 19.59
638 945 19.04
640 641 18.23
640 642 88.52
640 643 17.33
640 644 48.58
640 535 9.27
641 645 29.65
641 646 63.99
641 647 78.1
641 648 63.88
642 102 59.61
642 794 77.41
642 795 65.2
642 753 0.1
643 266 75.22
643 344 92.88
644 742 16.73
644 655 69.75
644 867 61.16
645 738 65.28
645 374 85.28
645 375 89.66
645 713 40.76
646 824 53.54
646 825 2.7
647 231 11.68
647 364 12.83
647 335 0.3
648 926 39.8
649 650 28.52
649 63 60.8
649 572 2.32
649 651 32.11
649 652 8.56
650 653 34.2
650 654 85.69
650 655 94.25
650 609 52.8
651 756 62.9
651 757 66.92
651 434 58.49
651 109 43.05
652 844 35.4
652 955 77.6
653 989 26.96
654 987 27.59
654 989 24.87
654 919 47.7
654 431 89.87
655 157 95.27
656 48 22.77
656 363 79.85
656 657 14.79
656 602 20.65
656 107 16.7
658 948 71.77
659 741 38.09
659 234 74.52
660 990 80.19
661 428 90.3
661 317 50.1
662 790 28.92
662 873 6.1
664 740 37.5
665 671 22.12
665 672 87.93
665 497 49.11
666 604 33.78
666 346 30.21
666 657 27.02
666 206 15.68
667 665 32.28
667 668 63.36
667 80 30.42
667 669 27.07
667 670 52.93
668 425 59.54
668 434 50.91
668 35 88.9
670 184 86.07
670 905 10.17
671 630 63.54
671 747 17.48
672 568 41.74
673 875 64.34
673 780 35.04
673 876 45.82
674 868 5.44
674 869 71.78
674 870 92.74
674 74 15.43
676 677 26.26
676 678 49.05
676 679 48.09
676 680 42.33
676 681 28.61
677 353 36.73
677 8 7.04
677 249 77.54
677 503 56.56
678 658 41.91
678 833 97.85
678 752 64.87
678 142 39.46
679 867 47
680 765 55.21
680 340 46.63
680 238 32.11
680 27 58.89
681 220 29.25
681 716 89.86
681 777 14.49
682 806 90.54
682 909 86.88
682 380 19.52
683 90 1.07
683 207 42.61
683 657 23.53
683 95 25.14
684 686 43.61
684 186 87.21
684 687 11.56
684 256 65.23
685 842 33.03
685 296 96.03
685 946 77.68
685 244 86.12
686 294 14.14
687 712 71.81
687 618 70.16
687 713 82.1
687 714 28.34
688 69 76.58
688 689 61.66
688 690 73.96
688 691 28.63
688 257 20.96
689 356 81.03
689 295 61.97
689 180 76.05
690 810 28.65
690 811 50.25
690 745 64.08
692 118 39.87
693 132 95.14
693 241 41.78
693 694 23.65
693 695 46.46
693 240 37.1
694 954 15.25
694 542 9.01
695 768 66.51
695 137 17.65
695 919 72.6
696 619 62.08
696 439 0.04
696 849 90.43
697 622 28.91
697 323 32.45
697 75 45.3
698 100 83.95
699 105 81.2
699 361 63.46
699 129 86.96
699 700 34.46
699 701 66.17
700 269 94.63
700 313 48.24
702 799 90.03
702 800 87.37
702 630 39.29
702 374 74.7
703 331 8.68
703 24 75.19
703 917 80.04
705 998 8
706 245 84.42
706 587 66.92
707 425 41.89
707 575 7.41
707 679 5.3
708 709 27.84
708 557 4.4
708 681 68.1
708 310 83.64
708 710 70.58
709 172 78.46
709 166 46.38
709 66 2.64
709 711 34.04
710 287 69.96
710 948 72.28
710 55 28.15
711 973 1.76
711 229 37.45
712 715 88.91
712 223 50.27
712 398 86.29
712 646 43.43
713 988 92.48
714 4 62.48
715 783 42.12
715 698 63.47
715 784 42.86
715 344 28.65
716 637 21.97
716 853 91.52
717 336 75.6
718 503 62.98
719 210 50.27
719 43 87.38
719 720 82.93
719 721 59.08
719 250 68.74
720 639 83.94
720 448 79.52
720 522 95.88
721 567 76.17
723 959 1.41
723 960 13
723 735 28.82
724 977 90.52
724 941 16.62
724 698 27.98
724 978 7.83
725 252 62.3
725 726 49.81
725 324 72.75
725 660 54.67
726 224 8.9
726 212 30.17
726 361 27.87
727 520 75.95
728 464 92.92
728 60 72.29
729 730 50.79
729 731 71.71
729 624 12.74
729 306 97.47
729 506 82.1
730 551 2.68
730 231 4.18
730 425 83.92
730 220 75.08
731 379 74.84
731 104 90.26
731 357 31.33
731 809 67.75
732 103 23.68
732 461 4.51
732 288 0.11
732 733 52
732 636 16.51
733 945 37.11
734 850 69.74
734 851 66.42
734 221 58.44
736 166 90.47
736 596 97.83
736 737 57.27
736 308 76.37
736 33 98.98
737 409 32.98
737 947 83.55
737 266 64.62
738 598 23.29
738 671 76.65
738 881 76.55
739 375 3.89
739 740 79.76
739 299 43.85
739 343 58.01
739 741 57.49
740 993 98.71
741 886 59.24
741 870 7.33
741 776 59.19
742 601 93.94
742 957 33.51
743 744 40.98
743 130 60.5
743 518 46.47
743 745 88.45
743 746 99.55
744 747 96.33
744 205 98.55
744 121 44.73
744 748 59.76
746 235 91.53
746 17 52.58
746 817 11.84
746 201 15.26
747 908 57.03
747 994 2.3
748 951 53.98
749 151 84.48
749 501 93.18
749 238 52.33
749 453 60.76
749 432 98.15
750 517 68.31
750 955 49.16
750 893 15.45
750 908 57.62
751 901 29.04
751 852 17.36
751 577 31.47
751 433 41.19
752 418 74.24
753 555 47.91
753 255 60.41
753 899 44.86
754 930 98.93
754 772 80.89
754 887 16.08
755 47 86.71
756 302 27.14
756 232 24.58
756 410 55.41
756 717 40.59
757 961 3.82
757 843 1.66
757 620 27.25
758 141 77.87
758 826 53.63
758 376 0.77
758 269 11.07
759 255 75.37
760 418 82.31
760 679 35.95
761 619 0.52
761 505 93.59
761 309 42.49
761 764 27.91
762 362 35.58
762 817 71.4
762 518 64.41
762 921 65.57
763 921 5.33
763 967 37.74
764 505 52.1
764 949 98.64
765 206 96.7
765 94 50.1
765 26 68.92
765 395 11.25
766 511 9.91
766 590 33.31
766 767 40.06
766 768 58.55
766 769 39.85
767 803 87.18
767 776 56.85
767 956 68.31
768 948 92.93
768 675 59.02
769 86 52.05
770 441 36.33
770 404 73.14
770 942 85.51
770 600 31.1
771 785 83.44
771 340 4.3
771 786 33.51
771 787 59.17
772 844 51.34
772 553 18.15
773 333 3.34
774 452 65.43
774 964 18.06
774 965 15.14
775 734 27.6
775 849 84.51
775 211 62.78
775 828 42.37
777 721 28.48
777 931 41.69
777 672 3.48
778 277 4.68
778 391 62.58
778 158 16.49
779 273 19.98
780 975 61.42
781 339 93.59
781 9 12.45
781 406 64.88
781 452 56.7
781 782 99.41
782 188 84.72
782 26 59.48
782 963 37.56
782 423 70.94
783 669 22.4
783 704 36.6
783 601 11.15
783 916 37.99
785 788 60.12
785 679 80.76
785 159 0.05
785 340 95.97
786 450 24.57
786 376 94
786 723 1.31
787 903 6.25
788 396 3.44
788 881 37.48
788 894 81.62
788 718 62.22
789 315 48.72
789 238 75.96
789 510 50.4
789 62 28.12
789 672 12.31
790 918 41.03
790 60 13.1
791 778 1.63
791 664 17.26
791 792 80.07
791 447 47.14
791 793 39.46
792 864 20.91
792 564 24.22
794 916 94.88
794 60 0.05
796 946 42.51
796 889 12.35
796 793 63.58
797 443 78.91
797 461 66.03
797 21 15.16
797 827 97.53
798 755 74.42
799 701 71.74
800 846 14.59
800 56 96.11
800 847 83.41
801 802 80.86
801 803 1.55
801 804 41.22
801 805 80.01
801 806 37.03
802 805 58.8
802 675 59.78
802 469 1.19
802 807 5.99
803 808 62.16
803 974 78.93
804 354 15.28
805 831 3.68
806 910 29.46
806 356 63.85
806 537 1.4
807 832 28.11
807 833 8.63
807 3 13.36
807 615 22.97
808 563 81.46
808 931 26.06
808 894 48.99
810 603 86.1
810 577 20.82
810 407 56.93
811 428 23.86
812 176 6.77
812 432 76.29
812 37 48.68
812 814 43.73
813 733 16.73
813 945 3.35
813 313 12.69
814 894 76.44
814 251 12.56
815 946 17.71
815 973 19.07
815 578 12.29
818 863 86.23
818 184 69.09
819 263 78.15
819 307 60.86
819 974 84.94
820 821 76.83
820 822 50.1
820 823 78.94
820 628 13.34
822 902 73.21
822 620 36.05
822 898 74.53
823 335 5.75
823 787 70.51
823 385 9.06
824 34 53.7
824 661 37.36
824 18 47.72
825 395 49.1
826 931 45.24
826 376 4.77
826 932 66.15
827 228 38.29
828 291 73.53
828 620 65.07
830 847 40.74
830 35 89.64
831 991 35.02
831 183 64.41
831 975 55.33
832 834 37.76
832 835 70.54
832 542 55.51
832 468 39.61
833 942 55.44
833 558 11.06
834 883 66.62
834 80 63.08
835 887 73.61
835 909 25.43
835 26 49.08
836 837 13.83
836 586 89.65
836 727 20.93
836 477 79.33
836 764 89.22
837 118 35.4
837 361 75.08
837 748 66.25
837 838 15.66
838 983 63.2
838 162 25.36
839 840 68.51
839 815 11.12
839 631 35.04
839 841 41.66
839 842 44.58
840 718 66.89
840 843 75.26
840 721 87.21
840 844 72.46
841 165 53.86
841 933 88.75
841 355 14.83
841 523 80.88
842 422 30.28
842 240 43.57
842 84 91.35
843 653 94.45
843 938 62.45
843 94 45.22
844 377 36.57
845 538 23.64
845 107 30.26
845 299 67.81
846 256 4.95
846 268 20.91
846 428 20.8
846 848 41.38
847 568 56.65
847 722 47.13
848 984 76.96
848 207 63.66
848 377 41.61
848 985 27.48
849 993 24.08
850 625 8.64
850 586 25.02
850 655 74.32
851 380 26.45
852 579 80.71
853 886 37.75
854 373 54.16
854 882 92.23
854 818 73.57
854 578 73.43
855 537 85.91
856 491 86.93
856 581 21.96
856 857 46.47
856 205 19.93
856 291 26.49
857 280 69.6
857 763 44.72
857 243 94.81
857 178 63.13
858 859 15.54
858 219 53.22
858 61 21.77
858 245 77.49
858 230 37.77
859 860 11.71
859 433 90.39
859 711 34.45
859 302 7.4
860 889 30.08
860 180 11.44
860 276 12.54
861 786 17.57
861 692 90.43
861 573 69.55
861 374 24.73
862 653 29.4
863 423 44.54
864 990 61.56
866 128 4.47
866 899 30.12
866 900 11.26
868 752 12.1
868 871 56.69
868 872 40.25
868 75 88.75
869 866 53.57
869 45 56.71
869 192 69.89
869 4 57.74
870 906 50.49
870 898 87.28
870 907 88.18
871 357 79.76
871 956 49.57
871 733 78.08
873 42 28.81
873 916 92.32
874 941 67.52
875 779 60.35
875 976 12.74
875 852 49.9
876 423 17.38
876 803 11.45
876 286 5.4
877 63 34.26
877 914 60.68
877 180 48.65
877 915 61.57
878 451 42.87
878 829 85.77
878 961 34.76
879 852 5.15
879 911 60.27
880 72 97.47
880 33 56.13
880 221 43.98
881 907 13.67
881 760 43.66
882 385 38.51
882 982 9.78
882 359 1.25
882 895 13.78
883 122 82.18
884 176 59.1
884 625 24.57
885 670 55.19
885 913 5.55
885 728 58.59
885 326 11.15
886 317 2.23
887 669 42.53
888 644 74.48
888 580 74.1
888 956 27.74
888 957 73.64
890 332 87.89
890 431 13.21
890 509 18.25
890 317 73.7
890 616 4.12
891 999 31.21
891 416 34.95
893 71 24.28
893 594 28.15
893 291 23.8
894 112 98.63
896 81 66.23
896 897 98.42
896 898 81.58
896 55 87.51
896 76 42.79
897 99 47.25
897 838 68.17
897 165 68.36
897 894 3.85
898 816 3.94
899 278 92.45
899 784 73.9
900 706 61.45
900 469 84.18
901 748 47.39
901 100 94.54
901 310 36.64
901 33 47.48
902 701 99.91
902 931 13.5
904 805 14.81
904 612 11.8
904 905 99.68
904 714 61.31
904 790 8.41
905 951 19.27
906 427 25.9
906 742 76.18
906 879 4.56
906 293 71.72
907 733 7.96
907 867 59.69
908 983 48.82
908 457 15.36
909 86 70.8
909 313 79.16
910 919 27.72
911 239 91.11
911 508 66.58
911 34 62.02
912 482 25.03
912 586 69
912 555 94.55
912 767 82.53
913 872 38.58
913 976 97.86
914 222 85.5
914 288 41.68
914 160 78.48
914 787 38.24
915 61 85.54
915 705 93.22
915 954 18.11
916 691 93.44
920 91 99.13
920 759 27.09
920 12 83.16
920 664 35.29
920 240 81.58
922 722 24.91
922 735 66.94
923 924 37.79
923 636 33.95
923 427 41.9
923 249 27.53
924 980 33.32
924 953 56.36
924 571 88.61
924 469 94.43
925 570 50.38
925 792 62.29
925 926 40.79
925 633 57.61
926 855 55.12
926 568 58.82
927 932 32.71
927 961 62.98
927 970 97.42
928 821 61.16
929 608 76.88
929 291 6.74
929 643 87.7
929 4 44.78
930 176 93.72
930 228 71.11
930 284 95.62
930 242 85.46
932 546 63.53
933 256 60.97
933 922 4.13
934 554 82.72
935 252 30.94
935 472 55.59
935 713 4.55
935 175 8.08
936 17 71.86
936 918 16.78
936 310 6.74
936 704 13.97
937 939 19.65
937 34 98.75
937 594 30.93
937 940 74.59
938 66 86.5
939 784 2.7
940 884 21.39
940 551 13.58
940 542 65.34
941 621 2.03
941 898 45.7
943 407 32.11
943 713 35.49
943 928 91.25
943 327 72.15
946 798 36.95
946 910 95.98
947 982 55.25
948 64 53.72
949 286 61.21
950 501 80.7
950 694 90.07
950 13 21.03
950 967 81.43
951 821 43.8
951 903 79.63
952 691 70.52
952 428 93.47
953 149 18.64
953 317 5.34
954 258 49.81
954 336 51.12
955 735 62.62
957 629 57.14
957 323 22.85
958 707 33.4
958 506 6.56
958 559 26.46
958 966 98.81
959 960 58.6
959 883 70.65
959 934 29.74
959 907 19.62
960 927 48.87
960 367 79.81
962 443 41.2
962 515 85.24
962 245 68.28
962 722 64.99
963 795 97.19
963 520 87.74
963 740 45.87
964 913 41.56
964 95 38.67
965 825 72.42
965 251 4.14
966 764 96.12
966 986 0.1
966 776 76.06
967 34 33.54
968 296 23.61
968 714 46.66
968 570 29.2
968 969 76.69
969 979 51.71
969 500 32.21
969 895 61.37
970 523 43.85
970 639 1.87
970 945 69.34
971 835 44.02
971 563 52.68
971 548 16.35
971 367 37.7
972 472 45.64
972 740 14.42
972 122 32.22
973 266 44.76
973 913 52.12
973 157 78.85
974 863 42.44
975 643 3.96
977 905 91.32
977 979 80.7
977 287 52.57
977 917 43.33
978 689 39.99
978 969 43.3
978 864 38.61
978 845 89.04
979 891 0.78
979 799 34.95
980 86 7.04
980 83 0.78
981 439 90.1
981 793 97.82
981 748 46.91
981 37 99.16
984 326 92.87
984 865 39.05
984 478 75.78
984 774 77.33
985 993 40.55
985 663 73.37
985 553 90.38
986 975 60.69
987 711 42.71
987 616 68.96
987 472 14.13
988 64 7.07
988 867 85.6
988 982 19.82
989 162 93.72
991 940 51.44
991 747 88.51
991 886 87.11
991 911 34.03
992 963 87.74
992 76 70.91
992 999 61.05
992 847 9.28
994 112 18.94
994 809 23.88
995 961 96.05
995 554 77.71
995 284 68.17
995 830 27.42
996 769 98.49
996 851 41.98
996 701 31.49
996 239 33.95
997 967 85.99
997 367 55.61
998 949 18.84
998 938 2.89
998 886 61.12
998 559 77.55
999 35 22.06
999 553 60.4
999 956 73.82